2457896.71775100 -56.78881031 1.00000000
2457906.52884700 -8.41089958 1.00000000
2457908.55437640 15.60206392 1.00000000
2457939.47869990 31.06387748 1.00000000
2457951.48165290 -55.51475811 1.00000000
2457953.54931240 39.60141688 1.00000000
2457962.45708570 30.09617520 1.00000000
2457963.45936940 36.86091869 1.00000000
2457964.42425000 -34.26676081 1.00000000
2457964.43177300 -31.27973955 1.00000000
2457964.43929620 -32.20471301 1.00000000
2457964.44681970 -33.64501558 1.00000000
2457964.45434310 -39.14215984 1.00000000
2457964.46186610 -38.52271124 1.00000000
2457964.46938970 -32.78954628 1.00000000
2457964.47691260 -37.50639538 1.00000000
2457964.48443570 -35.49862810 1.00000000
2457964.49195890 -37.90739547 1.00000000
2457965.39464050 -52.38936969 1.00000000
2457965.40216320 -58.91652530 1.00000000
2457965.40968580 -58.41487729 1.00000000
2457965.41720880 -57.13756965 1.00000000
2457965.42473180 -57.93856563 1.00000000
2457965.43225480 -62.88462909 1.00000000
2457965.43977810 -58.21629481 1.00000000
2457965.44730160 -56.69435167 1.00000000
2457965.45482450 -60.84413561 1.00000000
2457965.46234770 -58.45050442 1.00000000
2457965.46987070 -57.85303399 1.00000000
2457965.47739370 -59.91096635 1.00000000
2457965.48491690 -57.51844789 1.00000000
2457965.49244020 -55.87152657 1.00000000
2457965.49996350 -53.26659094 1.00000000
2457965.50748700 -57.91838797 1.00000000
2457965.51501050 -53.78548203 1.00000000
2457965.52253420 -58.37377179 1.00000000
2457966.39037220 -7.47562928 1.00000000
2457966.39789480 -1.51227733 1.00000000
2457966.40541740 -5.84187880 1.00000000
2457966.41294050 -3.05855222 1.00000000
2457966.42046420 0.66047018 1.00000000
2457966.42798720 -0.96820281 1.00000000
2457966.43551000 -0.33578596 1.00000000
2457966.44303310 -3.90984116 1.00000000
2457966.45807910 -6.59031477 1.00000000
2457966.46560210 -1.02744790 1.00000000
2457966.47312570 1.13618943 1.00000000
2457966.48064900 2.33036689 1.00000000
2457966.48817200 -1.01670469 1.00000000
2457966.49569560 1.86557996 1.00000000
2457966.50321890 3.78530276 1.00000000
2457966.51074200 3.97848116 1.00000000
2457966.51826500 3.00249885 1.00000000
2457967.39767570 47.66166860 1.00000000
2457967.40519880 46.56119453 1.00000000
2457967.41272130 40.62147394 1.00000000
2457967.42024440 45.58674129 1.00000000
2457967.42776730 47.67706079 1.00000000
2457967.43529030 43.06363444 1.00000000
2457967.44281370 43.88787364 1.00000000
2457967.45033780 52.22637881 1.00000000
2457967.45786180 38.60056816 1.00000000
2457967.46538470 45.45479259 1.00000000
2457967.47290790 42.10831741 1.00000000
2457967.48043140 47.19558658 1.00000000
2457967.48795480 42.70982978 1.00000000
2457967.49547830 50.52099886 1.00000000
2457967.50300180 50.35162061 1.00000000
2457967.51052540 46.99135497 1.00000000
2457967.51804850 42.76158792 1.00000000
2457967.52557230 42.83846045 1.00000000
2457968.39021450 10.24048330 1.00000000
2457968.39773700 15.83710012 1.00000000
2457968.40526010 14.10399321 1.00000000
2457968.41278300 10.44384611 1.00000000
2457968.42030600 10.57207853 1.00000000
2457968.42782890 7.46742644 1.00000000
2457968.43535240 3.42469412 1.00000000
2457968.44287520 4.93106186 1.00000000
2457968.45039910 7.29674118 1.00000000
2457968.45792260 9.41011866 1.00000000
2457968.46544560 12.54535708 1.00000000
2457968.47296850 4.13811612 1.00000000
2457968.48049220 4.75177648 1.00000000
2457968.48801550 1.42501747 1.00000000
2457968.49553840 7.08166990 1.00000000
2457968.50306150 3.97096090 1.00000000
2457968.51058470 4.72176878 1.00000000
2457968.51810790 3.87714045 1.00000000
2457971.52609480 20.30620700 1.00000000
2457971.53651830 22.41991133 1.00000000
2458754.33792620 -41.24265450 1.00000000
2458755.33599230 -55.51184080 1.00000000
2458757.33880150 42.14689298 1.00000000
2458758.33334120 8.84805317 1.00000000
